-5  0  31306.17 39  000000.00 153029.2 
 0  0  31258.88 99  000000.00 153219.5 
 5  0  31264.44 99  000000.00 153230.9 
 10  0  31267.82 99  000000.00 153241.9 
 15  0  31267.49 99  000000.00 153253.1 
 20  0  31273.03 99  000000.00 153304.4 
 25  0  31277.22 99  000000.00 153315.2 
 30  0  31281.47 99  000000.00 153326.9 
 35  0  31289.57 99  000000.00 153337.4 
 40  0  31285.80 99  000000.00 153348.9 
 45  0  31280.82 98  000000.00 153406.6 
 50  0  31278.57 99  000000.00 153417.5 
 55  0  31276.94 99  000000.00 153436.9 
 60  0  31275.39 99  000000.00 153459.7 
 65  0  31277.90 99  000000.00 153512.5 
 70  0  31290.27 99  000000.00 153529.8 
 75  0  31286.25 99  000000.00 153543.5 
 80  0  31282.65 99  000000.00 153604.9 
 85  0  31282.78 99  000000.00 153618.1 
 90  0  31286.07 99  000000.00 153639.4 
 95  0  31285.99 99  000000.00 153651.9 
 100  0  31281.64 99  000000.00 153703.7 
 105  0  31280.54 19  000000.00 153715.4 
 110  0  31290.33 99  000000.00 153726.7 
 115  0  31287.48 99  000000.00 153738.9 
 120  0  31289.71 99  000000.00 153750.9 
 125  0  31291.39 69  000000.00 153802.1 
 130  0  31291.02 99  000000.00 153813.6 
 135  0  31295.92 99  000000.00 153826.8 
 140  0  31299.60 39  000000.00 153839.9 
 145  0  31287.95 99  000000.00 153852.1 
 150  0  31288.77 98  000000.00 153904.2 
 150  5  31288.37 99  000000.00 154005.1 
 145  5  31289.33 99  000000.00 154025.4 
 140  5  31294.84 99  000000.00 154039.5 
 135  5  31295.58 99  000000.00 154057.2 
 130  5  31293.23 99  000000.00 154107.4 
 125  5  31293.75 99  000000.00 154121.7 
 120  5  31292.41 99  000000.00 154131.6 
 115  5  31287.43 99  000000.00 154141.6 
 110  5  31282.74 99  000000.00 154152.6 
 105  5  31286.27 99  000000.00 154203.0 
 100  5  31285.75 99  000000.00 154215.1 
 95  5  31285.25 99  000000.00 154226.2 
 90  5  31286.65 99  000000.00 154236.5 
 85  5  31291.12 99  000000.00 154248.9 
 80  5  31287.61 99  000000.00 154259.3 
 75  5  31288.60 99  000000.00 154310.5 
 70  5  31288.00 99  000000.00 154321.6 
 65  5  31281.00 99  000000.00 154332.2 
 60  5  31280.62 99  000000.00 154343.5 
 55  5  31255.03 99  000000.00 154356.6 
 50  5  31284.73 99  000000.00 154409.2 
 45  5  31291.09 99  000000.00 154421.0 
 40  5  31292.65 99  000000.00 154432.1 
 35  5  31261.67 99  000000.00 154443.2 
 30  5  31290.35 99  000000.00 154454.5 
 25  5  31279.62 99  000000.00 154506.2 
 20  5  31272.36 99  000000.00 154517.6 
 15  5  31268.88 99  000000.00 154527.2 
 10  5  31260.78 99  000000.00 154548.6 
 5  5  31257.47 99  000000.00 154558.9 
 0  5  31255.30 99  000000.00 154609.6 
-5  5  31257.87 99  000000.00 154644.1 
-10  5  31261.71 99  000000.00 154707.8 
-15  5  31257.22 99  000000.00 154719.4 
-20  5  31261.43 99  000000.00 154731.5 
-25  5  31271.68 99  000000.00 154743.6 
-30  5  31281.46 99  000000.00 154755.6 
-35  5  31291.63 99  000000.00 154807.2 
-40  5  31291.74 99  000000.00 154822.8 
-45  5  31292.97 99  000000.00 154834.3 
-50  5  31292.68 99  000000.00 154847.0 
-55  5  31286.11 99  000000.00 154900.0 
-60  5  31281.57 99  000000.00 154911.2 
-65  5  31280.13 49  000000.00 154922.9 
-70  5  31279.65 99  000000.00 154934.5 
-75  5  31280.39 99  000000.00 154944.6 
-80  5  31279.77 99  000000.00 154955.0 
-85  5  31281.13 99  000000.00 155009.1 
-90  5  31284.82 99  000000.00 155022.3 
-95  5  31289.30 99  000000.00 155131.7 
-100  5  31290.50 99  000000.00 155143.3 
-105  5  31284.75 99  000000.00 155153.8 
-110  5  31285.01 99  000000.00 155205.6 
-115  5  31282.83 99  000000.00 155216.4 
-120  5  31289.37 99  000000.00 155227.4 
-125  5  31290.57 97  000000.00 155239.1 
-130  5  31293.61 99  000000.00 155249.6 
-135  5  31294.09 99  000000.00 155259.8 
-140  5  31285.58 39  000000.00 155310.8 
-145  5  31298.18 09  000000.00 155327.9 
-150  5  31293.51 99  000000.00 155355.8 
-150  10  31292.34 99  000000.00 155636.3 
0  0  31245.53 99  000000.00 164410.7 
-5  0  31247.06 99  000000.00 164620.6 
-10  0  31248.78 99  000000.00 164701.9 
-15  0  31253.71 99  000000.00 164713.7 
-20  0  31251.22 99  000000.00 164725.5 
-25  0  31247.43 99  000000.00 164737.7 
-30  0  31246.22 99  000000.00 164749.4 
-35  0  31248.99 98  000000.00 164800.3 
-40  0  31251.69 98  000000.00 164810.6 
-45  0  31253.30 99  000000.00 164817.5 
-50  0  31257.35 99  000000.00 164835.3 
-55  0  31257.57 99  000000.00 164851.9 
-60  0  31258.87 99  000000.00 164912.7 
-65  0  31259.79 99  000000.00 164927.8 
-70  0  31262.56 99  000000.00 164940.7 
-75  0  31253.14 99  000000.00 164952.8 
-80  0  31261.12 99  000000.00 165004.3 
-85  0  31261.15 98  000000.00 165024.3 
-90  0  31260.71 99  000000.00 165049.2 
-95  0  31255.79 99  000000.00 165133.9 
-100  0  31280.99 99  000000.00 165243.4 
-105  0  31265.10 99  000000.00 165323.6 
-110  0  31265.63 99  000000.00 165340.3 
-115  0  31263.22 99  000000.00 165359.4 
-120  0  31265.07 99  000000.00 165414.8 
-125  0  31268.69 99  000000.00 165426.2 
-130  0  31269.63 99  000000.00 165440.8 
-135  0  31271.33 99  000000.00 165453.2 
-140  0  31271.87 99  000000.00 165506.0 
-145  0  31277.29 99  000000.00 165517.8 
-150  0  31273.70 99  000000.00 165528.9 
-155  0  31274.36 99  000000.00 165548.0 
-160  0  31280.45 99  000000.00 165611.9 
-165  0  31282.67 99  000000.00 165625.9 
-170  0  31283.28 99  000000.00 165637.0 
-175  0  31283.79 88  000000.00 165710.2 
-180  0  31286.69 99  000000.00 165731.5 
-185  0  31294.32 99  000000.00 165744.2 
-190  0  31293.35 99  000000.00 165758.5 
-195  0  31292.94 99  000000.00 165809.6 
-200  0  31293.53 99  000000.00 165819.9 
-200  5  31293.37 99  000000.00 170002.0 
-195  5  31292.85 99  000000.00 170040.9 
-190  5  31292.29 98  000000.00 170052.8 
-185  5  31290.56 99  000000.00 170103.6 
-180  5  31287.54 99  000000.00 170113.3 
-175  5  31288.31 79  000000.00 170137.7 
-170  5  31287.34 99  000000.00 170219.5 
-165  5  31284.18 59  000000.00 170231.5 
-160  5  31281.28 99  000000.00 170242.2 
-155  5  31280.00 99  000000.00 170256.1 
-150  5  31273.23 99  000000.00 170334.1 
-145  5  31273.60 99  000000.00 170345.6 
-140  5  31270.90 99  000000.00 170356.4 
-135  5  31268.21 99  000000.00 170407.1 
-130  5  31267.81 99  000000.00 170418.6 
-125  5  31264.55 99  000000.00 170430.0 
-120  5  31262.40 99  000000.00 170439.8 
-115  5  31261.57 98  000000.00 170450.9 
-110  5  31259.63 99  000000.00 170501.5 
-105  5  31260.42 99  000000.00 170512.4 
-100  5  31253.88 99  000000.00 170523.7 
-95  5  31256.95 99  000000.00 170536.5 
-90  5  31257.88 99  000000.00 170548.7 
-85  5  31256.80 98  000000.00 170600.2 
-80  5  31254.39 99  000000.00 170611.7 
-75  5  31258.79 99  000000.00 170622.5 
-70  5  31256.93 98  000000.00 170638.4 
-65  5  31256.98 99  000000.00 170650.2 
-60  5  31255.39 99  000000.00 170702.2 
-55  5  31250.95 99  000000.00 170715.8 
-50  5  31250.23 99  000000.00 170726.9 
-45  5  31247.49 69  000000.00 170737.5 
-40  5  31243.40 99  000000.00 170748.8 
-35  5  31242.75 99  000000.00 170759.9 
-30  5  31242.17 99  000000.00 170811.5 
-25  5  31228.12 99  000000.00 170847.6 
-20  5  31243.59 99  000000.00 170922.1 
-15  5  31246.36 99  000000.00 170932.9 
-10  5  31246.29 49  000000.00 170942.3 
 0  10  31239.40 99  000000.00 171045.1 
-5  10  31241.08 99  000000.00 171335.1 
-10  10  31238.72 98  000000.00 171346.1 
-15  10  31236.09 69  000000.00 171357.3 
-20  10  31236.95 99  000000.00 171408.2 
-25  10  31239.86 99  000000.00 171440.6 
-30  10  31241.20 99  000000.00 171451.8 
-35  10  31244.21 99  000000.00 171502.0 
-40  10  31244.21 99  000000.00 171521.2 
-45  10  31246.53 99  000000.00 171606.1 
-50  10  31247.39 99  000000.00 171610.1 
-55  10  31248.39 99  000000.00 171620.8 
-60  10  31248.92 99  000000.00 171735.2 
-65  10  31249.80 99  000000.00 171746.2 
-70  10  31243.96 99  000000.00 171755.9 
-75  10  31246.85 99  000000.00 171806.5 
-80  10  31257.72 99  000000.00 171816.7 
-85  10  31256.79 29  000000.00 171827.3 
-90  10  31256.86 99  000000.00 171837.5 
-95  10  31260.84 99  000000.00 171846.9 
-100  10  31259.88 99  000000.00 171856.6 
-105  10  31264.03 99  000000.00 171905.6 
-110  10  31265.04 99  000000.00 171915.3 
-115  10  31267.62 99  000000.00 171924.1 
-120  10  31271.01 99  000000.00 171934.3 
-125  10  31275.85 99  000000.00 171944.9 
-130  10  31279.75 99  000000.00 171955.6 
-135  10  31282.11 99  000000.00 172005.6 
-140  10  31285.72 99  000000.00 172016.0 
-145  10  31288.34 99  000000.00 172028.5 
-150  10  31293.25 99  000000.00 172044.2 
-155  10  31294.15 59  000000.00 172054.0 
-160  10  31294.93 79  000000.00 172105.5 
-165  10  31296.46 99  000000.00 172116.4 
-170  10  31296.63 99  000000.00 172126.0 
-175  10  31295.32 99  000000.00 172139.6 
-180  10  31294.44 99  000000.00 172155.8 
-185  10  31295.02 57  000000.00 172204.4 
-190  10  31292.33 99  000000.00 172212.6 
-195  10  31292.96 98  000000.00 172223.1 
-200  10  31285.34 99  000000.00 172236.2 